,id,season_id,club_id,club_name,club_abbreviation,Games,Goals,Goals against,Ball possession,Total wins,Total losses,Total draws,Total passes,Fouls committed,Fouls suffered
0,281059,706,5,New York Red Bulls,RBNY,34,39,33,48,13,12,9,12455,509,373
1,281060,706,6,Sporting Kansas City,SKC,34,58,40,55,17,10,7,17698,347,401
2,281061,706,7,Colorado Rapids,COL,34,51,35,48,17,7,10,14572,402,310
3,281062,706,8,Columbus Crew,CLB,34,46,45,52,13,13,8,15181,357,430
4,281063,706,9,New England Revolution,NE,34,65,41,51,22,5,7,14894,374,405
5,281064,706,10,San Jose Earthquakes,SJ,34,46,54,52,10,13,11,14469,427,473
6,281065,706,11,Chicago Fire FC,CHI,34,36,54,50,9,18,7,14279,445,420
7,281066,706,12,LA Galaxy,LA,34,50,54,54,13,12,9,17263,384,360
8,281067,706,13,D.C. United,DC,34,56,54,46,14,15,5,12655,513,406
9,281068,706,14,Portland Timbers,POR,34,56,52,45,17,13,4,13786,414,384
10,281069,706,15,CF Montréal,MTL,34,46,44,52,12,12,10,16319,415,381
11,281070,706,16,Vancouver Whitecaps FC,VAN,34,45,45,46,12,9,13,13552,404,400
12,281071,706,18,Houston Dynamo FC,HOU,34,36,54,45,6,16,12,12915,449,371
13,281072,706,19,Real Salt Lake,RSL,34,55,54,51,14,14,6,14437,366,339
14,281073,706,20,FC Dallas,DAL,34,47,56,51,7,15,12,15557,457,357
15,281074,706,21,Toronto FC,TOR,34,39,66,50,6,18,10,15708,336,410
16,281075,706,23,Seattle Sounders FC,SEA,34,53,33,49,17,8,9,14909,379,448
17,281076,706,24,Philadelphia Union,PHI,34,48,35,48,14,8,12,13583,431,355
18,281077,706,26,Orlando City SC,ORL,34,50,48,51,13,9,12,15435,398,419
19,281078,706,27,Minnesota United FC,MIN,34,42,44,50,13,11,10,15059,427,381
20,281079,706,28,New York City FC,NYC,34,56,36,53,14,11,9,15743,506,403
21,281080,706,29,Atlanta United,ATL,34,45,37,57,13,9,12,16850,388,507
22,281081,706,30,FC Cincinnati,CIN,34,37,74,49,4,22,8,14677,431,415
23,281082,706,31,Los Angeles Football Club,LAFC,34,53,51,50,12,13,9,14502,446,387
24,281083,706,32,Inter Miami CF,MIA,34,36,53,47,12,17,5,14047,441,421
25,281084,706,33,Nashville SC,NSH,34,55,33,46,12,4,18,13995,437,381
26,281085,706,261248,Austin FC,ATX,34,35,56,54,9,21,4,16082,351,348
